8776
935
5143
6963
3523
7496
9852
2746
4577
3386
1639
2816
2156
6275
6369
6392
4874
1360
159
3645
4908
7432
2107
6048
3451
2048
4880
3110
9940
5805
3421
7782
2287
1898
6904
7582
1709
9659
1868
4032
2110
7286
1752
3842
1801
5798
2237
5073
9354
1920
380
9501
2641
4358
6318
5974
411
8381
8459
3395
6494
8153
4326
5824
6088
6664
3341
1178
9925
9170
3976
9738
3020
5219
856
5707
2904
898
5492
7196
5333
3851
7259
8823
8874
6280
7174
9647
9544
2629
6815
4476
5990
5645
3865
8414
1429
3176
3547
6759
2961
6519
9047
5507
3996
4781
2847
8286
8133
829
7412
8009
5532
4855
8868
6668
4802
1768
1164
8692
8949
3401
3322
9917
5792
6267
7581
5949
487
9862
6042
923
3205
3227
3509
6878
7812
8124
6592
5176
5921
9016
3786
8111
1648
6358
6994
3729
9019
9146
3357
6738
4220
8748
1107
4557
6565
9495
7073
6219
5309
5035
6777
4481
4182
2336
6773
1414
7265
2469
2881
5279
7507
1933
1937
5173
6351
6795
699
1037
7892
3358
5252
7454
1499
2413
1261
2749
9623
7241
1130
6507
7396
6615
5666
3286
8089
7056
8365
4585
5676
6567
6355
5961
3240
6392
6912
1979
4544
874
6782
4992
6453
6704
1541
7664
8244
3777
2911
8546
8940
7664
7447
9062
4405
7186
2011
8397
4071
2526
4897
9533
4330
3845
3871
4928
1453
6
4723
1158
3609
8912
8306
234
3013
5874
6017
5047
8091
7535
6598
9330
4502
6532
4184
4960
5101
2910
4335
6625
90
6714
7761
7711
9072
9597
5803
7561
8100
8158
4589
2071
9158
6538
4693
121
2066
2860
3633
1476
4734
8870
6387
1519
2864
2888
4100
4027
6953
7053
1582
9487
7694
4940
3865
6702
7722
9124
8964
4258
1210
6892
1294
7656
5129
1684
2596
8169
6310
9832
9837
8219
954
4646
1850
4571
6553
6894
9768
436
1511
4395
2549
3194
8375
9404
8307
8309
8833
237
2813
5098
4168
1311
7900
8728
8801
713
116
9504
1876
3805
2582
2106
777
5363
1682
3020
6721
8170
8973
9662
7547
6000
5085
9367
9087
5999
5764
71
8996
1706
8055
1000
9348
3954
8796
1085
7563
7513
8351
6819
2665
4252
5032
2607
743
8641
5396
7598
9656
5397
9111
8391
2762
8170
575
4719
4128
5489
7606
7546
330
8714
5307
3573
3228
8084
8107
1425
5965
5011
7321
751
8563
4155
6292
2780
9901
8523
2207
6277
7587
2929
9317
2583
782
7692
2214
8703
9073
4426
6010
3279
8330
8843
1291
854
5204
7689
1220
3468
5799
3193
8282
1330
7480
6255
4715
6132
7777
4301
474
727
5076
246
8662
4067
2232
47
4646
7085
2202
1235
2659
9930
4860
2239
2876
1891
4359
9168
2496
4154
4359
7931
6037
4726
196
3541
1676
7112
467
2214
7343
4889
82
1214
7559
5976
4603
644
7910
3991
8645
7145
4066
860
441
2096
4908
6685
7619
5733
2933
3561
2445
553
7733
1018
3452
3056
272
9569
5777
3923
2224
3759
7581
8684
9731
7548
4129
2078
8151
1026
4684
9321
1582
8198
9729
7326
3438
8665
775
2892
1369
7956
7743
1467
2838
1858
7750
5274
6657
5680
8557
7561
74
2951
8527
1708
8838
6364
4965
288
3726
4954
7888
3721
6642
2511
5204
3305
7923
531
995
4656
5387
7440
7423
7265
7398
1891
2352
1903
660
6415
3711
1549
9482
8195
6780
5051
5641
1098
2576
2220
9986
3355
2362
3489
6612
7644
4210
4486
3359
9962
3796
6704
6211
4071
3606
215
3115
1467
3717
5116
8337
3820
1403
3051
9682
4019
8286
9130
3925
1123
8233
5055
9904
5589
644
3314
7125
3087
337
3636
4437
4944
1413
5812
6695
9461
7233
3054
1158
1034
5229
2501
1559
6533
2792
3975
3895
6211
2616
4764
3147
2475
7611
3670
974
2137
9483
4046
9131
4537
4944
4581
3067
9960
7345
8083
7867
9116
8335
9627
8200
5574
5521
5252
9370
5468
9255
1280
8489
3640
3676
9360
7547
992
9400
4063
4737
3400
7335
9421
361
9802
9682
8364
2762
6436
5741
9385
1441
6421
3952
1434
9030
3553
9050
8372
1443
9472
7103
6506
3008
9926
5593
7520
6466
7590
848
8657
4065
8197
6636
8346
8404
7942
2678
4275
1047
1510
5319
9144
8020
3414
8602
1435
7993
700
1343
5220
2575
7110
4909
9698
8176
7554
8289
9937
4163
9076
7220
1653
9744
501
286
2076
8310
5735
6358
5236
6994
1708
2079
5351
125
5878
4884
1740
1842
3561
5818
2743
2511
4318
1571
3943
5335
2548
5728
8534
9145
2784
487
1294
7502
1559
1529
7790
8525
128
2051
9623
5508
4454
3099
486
2749
1964
4928
7818
7356
1234
8693
5756
506
9250
8537
7232
2630
151
2273
9970
5349
9325
1879
7769
492
6050
9448
2576
9573
9179
4415
6855
9926
9625
3858
6279
1220
533
8390
5934
7130
8601
4904
7436
4302
7682
5995
5746
2695
8867
5239
2108
6865
291
8150
913
9835
1438
7491
4438
2452
7410
5775
6586
2252
8764
8853
2378
5693
6526
6868
2957
2850
4191
6196
5813
6631
8651
6652
167
8093
6762
9666
410
1120
3978
4622
5129
2831
5219
7027
7357
2752
2861
3838
8310
3380
3575
3826
610
5894
8238
7955
2080
6185
3875
1926
94
993
3541
6577
4688
1828
1390
6381
3684
3211
2508
4634
9311
7140
604
1814
3061
4003
1502
9562
8447
6719
1322
9395
4818
6873
3175
9285
8640
6667
5526
5780
513
3849
8149
3255
703
3173
7534
4908
8171
1808
8606
1188
9465
108
8305
6897
5410
3309
6686
3714
1056
353
2439
6857
5428
3328
7251
8481
3575
5111
1704
1024
9690
9816
2293
2091
5110
9364
4950
8712
9397
3235
461
2339
4675
9949
7237
4288
2078
7860
9913
1936
3239
3379
1475
5591
5838
4998
8431
5137
7831
5344
18
6759
6392
8952
1955
5421
8452
4292
5000
6037
4529
4049
1256
1841
5127
8809
7597
6343
9723
6440
0
