76106
11393
69179
1044
21946
45476
12344
10735
98773
85077
38254
76892
97059
39203
70873
65665
40189
81853
17186
11263
55222
16273
29341
38645
86648
96776
9196
77306
67162
79700
40764
71128
54554
26685
30458
8416
74879
54553
48078
91300
56253
82156
84045
26481
90457
86423
12010
18082
96400
12417
32968
67878
4361
26802
18292
2313
20887
72772
18843
20362
37726
50922
5407
98476
51794
62287
31773
70697
15579
68443
7352
61676
31737
91932
50745
75961
41651
55143
58293
76654
13512
48876
6893
80433
5477
19694
94502
64260
47586
3430
41054
84509
94860
76156
43040
71448
25973
97589
21872
23653
86230
20310
97737
77263
60634
5399
7373
11067
31952
7346
25665
81407
36507
70078
37312
69745
44687
97945
44748
74616
97001
72988
72650
26103
3063
39463
45149
5673
73207
29180
65124
39748
19162
5992
54086
169
24405
24514
4256
89657
29504
71213
75637
68210
32166
1313
8079
11443
8299
42873
43667
89302
20724
96083
68259
99275
94797
58477
10546
89885
99947
62280
33682
346
99742
71749
47931
10675
32076
12258
98491
72969
91484
81767
20953
32213
43758
97499
33963
59127
98884
70181
45086
47134
45702
14729
72875
50891
46228
70626
44541
90478
46182
83317
51745
28747
41227
30860
61440
62314
87484
24671
73209
39351
64600
72992
65038
15612
98678
37546
38647
63147
81207
15408
58895
3041
67214
9485
630
38822
29610
33947
97514
47752
99340
52649
82365
37812
50309
20276
31048
65520
85878
52243
11314
71658
16807
55164
14745
16617
3048
5845
61309
92330
47067
40920
79398
25216
89692
81764
15241
48250
16049
84035
76797
45396
79690
54927
92515
85364
4482
10160
63670
41094
82042
94026
29074
84086
29752
44192
60573
84110
57934
63110
53948
48610
23889
76334
26756
44976
69194
81468
61520
52411
64836
69418
78885
49871
5499
4409
48417
45490
29083
39234
10299
49018
45371
29996
54652
74234
68125
18838
26359
98122
42882
15348
16828
60124
38781
90546
42717
37
39267
57102
23766
78754
33578
39616
39650
43675
30493
61604
47742
73482
66362
88364
89371
88679
15421
84167
48454
36076
47175
64612
15762
22570
55769
21572
38904
54184
41171
32168
29692
57650
13867
84659
76481
90249
5654
754
2436
86758
78710
35038
36380
45232
79581
5440
39617
5597
54970
24993
17524
83740
72367
54099
53940
67453
35356
87304
88570
20249
45318
33914
43919
93339
48639
7945
30526
28092
58672
60872
44182
34253
3184
74849
99587
21891
71744
59558
84854
21766
30445
72619
41795
82599
63015
9084
95660
44328
48932
26463
64726
92644
42218
45149
11543
75395
87453
61882
87271
27305
14946
78857
75210
58082
11951
94913
34619
76285
28976
19104
46043
33326
80493
24662
63112
28599
59482
40786
35162
72021
2249
51395
10647
98910
8168
89008
49363
95336
42936
83717
35870
91437
25113
17128
58917
93605
39263
92244
70222
47537
18225
70956
63157
21214
23889
83386
76048
15682
60066
18267
39675
90988
69830
71662
12319
19741
20954
49783
61957
87472
47726
66368
59238
79901
89892
39413
56019
2633
20317
7727
97045
37201
61099
74779
44151
74584
7188
78489
140
16932
50147
82993
6351
49261
96327
16153
72401
42036
63834
5439
31456
87028
93757
35248
36193
17620
39784
53152
61430
9116
17147
69701
59798
87834
5167
72181
75356
76907
58173
6291
43822
70473
97935
35941
7657
66966
73781
20751
6490
43569
81453
17462
79897
93975
97598
70008
78028
70913
20301
78198
76696
40151
98108
40806
32235
79435
71647
61444
30892
79900
6378
57941
15025
12913
8610
91556
70152
91394
43062
86733
90747
79215
19071
3172
60756
24017
79957
16346
51530
60675
44351
10715
12581
9323
12420
98155
52705
16410
1355
68431
14668
56095
96496
24566
34188
35452
6832
77452
38581
67157
43441
18572
11004
40518
57745
95401
60098
63503
31190
75345
8913
10710
41691
95022
58963
76150
36222
20885
44047
3824
40107
86232
93052
78532
66749
60341
36683
94697
54529
45724
81777
95487
5
36573
66095
78955
44666
67906
14307
81745
57747
8233
16841
89166
94600
46555
33260
93011
95134
35815
60775
71908
48140
86952
94646
16989
77885
40060
17731
70799
49344
13815
2636
99505
87739
74453
2193
17803
54885
15423
65731
75302
18865
84352
10235
27599
17697
44998
87677
68899
11706
23065
88432
1324
27351
30626
39454
1351
58793
27448
25982
50541
87724
10461
35353
36747
20507
42912
22078
73521
2588
65047
33103
2177
10353
3362
16649
31597
55017
95689
75483
51334
58632
4517
38102
9248
10448
19329
5367
56213
41277
88675
94515
93231
81543
68703
68852
46311
15934
62295
95506
60923
15479
67957
46112
25564
36066
16376
78512
55647
86032
53231
50537
19656
55597
61179
48290
5766
22290
94923
55539
4909
68385
58085
55683
80516
24700
89433
30051
37008
86345
18570
62977
67869
17702
66335
98976
25969
5708
17078
9859
36125
7338
15708
90196
40757
83484
48760
40917
20561
35979
42225
84094
33025
27154
56088
53076
53535
10556
29781
60813
98159
64384
41376
82765
70323
60746
98005
71364
14857
32430
19038
96032
11063
41010
55821
40834
39865
63280
47058
34850
59394
34108
16004
26759
23931
22506
46304
57357
3472
66501
55283
86698
86392
10303
14654
17742
31747
49697
25293
10634
14720
64275
88900
86133
70450
38087
83919
26310
99481
41152
60
83909
68121
57347
22752
71752
83005
97226
37798
31763
66869
15079
43302
45354
27104
75489
98722
47248
20706
7794
93771
63973
6175
96605
91232
38348
69002
88704
79697
55778
63184
10463
72846
53892
80221
43503
25136
54998
72988
59532
20745
66558
22650
86936
45711
46439
73108
95744
15543
80186
31824
58880
1358
55488
15658
1489
35551
16068
89034
54000
39509
15993
47109
37276
76455
83911
11192
54111
7568
56959
79710
24102
24498
33086
13676
60436
66751
35514
21489
45491
22924
47843
9035
11714
9689
77137
59922
35923
18762
52006
27963
32046
3701
49340
69601
47713
55161
44572
6500
37993
87617
27196
22898
230
21609
38395
25691
97801
19177
71949
45263
65374
82606
12736
35110
16187
16941
57608
24832
13605
64478
2835
96008
58988
32350
9687
30986
54520
9354
2641
14063
17894
37161
93154
21530
16301
98946
32119
67477
46721
23568
36712
60247
64317
765
19810
35265
69034
24087
22717
64182
50810
29354
3238
99659
72459
59424
41331
4679
5802
4945
37264
63746
8914
62796
47925
67421
55136
16252
14874
92467
51841
93240
95270
59229
40473
93931
97627
46122
24419
96638
89823
39971
85442
21295
1534
18190
70027
84485
88591
27290
39869
80327
47933
80051
54412
48654
71519
85901
11733
26792
61492
22499
80443
36435
92964
17036
40723
25648
72998
77004
58140
33795
62955
95904
48015
65255
34947
90950
32927
64321
36693
46891
60482
30408
14440
69954
64752
31290
60789
61901
30338
90652
72570
73699
69624
85375
28298
59047
43368
90146
84755
99028
7351
81219
25057
87566
36317
91963
62674
97338
40921
70625
45268
73174
50171
91830
32511
49490
70163
16938
82298
90855
17117
23907
41511
89662
57963
1093
44553
73052
10892
73797
23301
89855
3685
82479
97844
10398
40903
39594
34585
913
85496
80933
93937
71116
84751
16150
42990
56349
99890
31432
98090
35892
61139
9919
75267
22070
33198
36002
40240
77290
79590
39546
73704
63507
54919
61184
3806
93974
63578
87068
16441
6322
31557
3610
19694
87454
29304
83503
94024
64587
40745
73955
59914
91103
61800
60461
48039
60131
33839
8149
28324
21802
92113
55576
75921
97908
38150
46353
4623
32772
45226
5652
89498
24195
69807
59495
20547
68400
4400
97685
8703
75706
7528
23853
45719
92736
2899
94201
5553
3213
22314
68884
59510
85072
96925
49115
3111
74533
86054
93360
10073
46672
69326
91091
63033
65486
49880
76529
12727
5860
59962
47355
69279
20324
3487
24186
13524
92336
78978
21745
99754
68895
18125
3541
14330
41130
30525
3345
49288
41808
23361
87134
92950
83509
1122
67378
32483
33038
7796
40739
52181
44386
53243
21222
92672
59222
24311
37498
99688
86371
98064
10269
77479
73059
26477
91025
21360
29294
77692
6705
61608
86200
70633
41752
51460
11153
19165
65595
73256
62614
84151
57557
38478
31134
68423
11637
51473
30473
69755
96462
71131
94147
79532
92352
85441
98832
5414
43219
83930
16732
4772
564
45025
98382
47647
77102
65562
60645
92846
96647
60446
72358
88660
5447
61281
82528
17489
40551
55686
46199
82665
19176
55822
74271
62187
25044
94759
59278
76008
25012
11395
81371
84720
64952
36911
57148
52635
12715
57146
32116
89173
47410
26227
6974
30646
89802
80051
27769
49262
89660
19516
2888
66758
12446
92854
69422
38707
55720
25149
56278
8528
37667
18604
75056
14904
79137
27692
53524
22489
67955
15954
23473
99617
8218
83285
28201
59210
97806
42746
13591
81880
85682
68397
20899
98843
60942
50078
72881
35339
69629
83982
50437
61161
14967
23341
10616
33394
64524
90731
11098
80744
85747
84814
65731
47546
80423
75613
82589
60311
79745
5939
80374
71820
97343
14160
62806
47237
33773
65972
3708
79108
97970
53334
30000
26671
22709
97741
15998
90700
82155
54573
44007
29033
879
75793
72543
84926
1922
26293
1926
75212
10146
66062
60169
53327
89719
22632
66915
65786
1946
60076
76603
61073
3742
13979
33329
10144
83542
26638
67649
4737
4320
24519
22174
67538
47601
80656
14421
88811
83979
25255
8668
71570
31685
72428
61291
53662
4527
34425
87374
3264
22505
53216
43083
17089
66247
41162
60002
4100
64522
15849
67376
9033
66226
724
22153
81006
66898
54308
35928
20280
83698
14494
9775
55995
88427
11103
63104
70421
2976
58251
16051
61424
91848
20413
21463
70181
75424
37929
2137
35680
12255
19756
7754
61023
56679
93823
7657
55555
73179
85601
40049
18784
3772
63882
79987
36444
15611
12857
78823
26444
84786
33670
2190
9331
36443
16939
70071
73847
80849
73987
45076
39942
96192
8520
74886
89586
4302
60557
4619
14855
48929
91907
64952
53713
22189
77150
64733
90638
93854
45021
17591
51054
23807
25889
10377
98269
6566
60669
27947
51420
30090
62224
35366
24570
75513
37645
5306
10076
74259
62645
90133
79396
65537
43803
39019
8737
97892
91412
16098
99474
41366
15313
66016
42749
30036
84973
90459
43549
56935
38286
8006
64055
39318
39881
85608
94518
39686
12583
40307
88573
89009
25256
74573
75230
1767
73202
70679
68706
83234
30431
79538
64889
29132
78607
35320
76045
57530
71465
46168
84092
23508
7077
33061
59989
73527
40736
43917
11905
4743
80878
50518
92613
91143
27378
51331
91863
15322
3300
91869
83893
72032
86167
18252
63813
30280
36309
82533
14383
8449
17687
45287
34813
96402
47374
31621
96249
91665
29742
10706
21100
73209
98278
28790
76327
18614
39552
49116
87538
15220
74590
39066
24732
98206
88645
70698
65934
56978
30977
47100
86892
33924
83868
25674
30928
14574
41623
31687
66575
46887
14803
2861
37019
63250
79896
23539
77871
93378
89465
22024
77752
52112
80972
24716
99330
5910
84716
73480
48222
2431
47104
43243
39158
31023
96367
99184
34330
46978
94768
30973
49686
82344
17357
89963
42032
6043
8467
24061
71114
38739
14701
51898
6774
36590
79398
98190
72219
86846
71148
66119
25993
50921
86689
52051
45769
99228
18479
88354
80813
84421
9475
10035
74619
44549
60115
23187
77474
45136
21906
54786
30609
89741
78306
46732
84658
40145
3825
18249
86098
33464
28488
65891
69826
60384
4792
43041
71455
51116
11800
74511
75004
25077
4706
25788
87473
54486
51037
84053
73308
15576
39055
21523
79843
54395
45260
70776
69315
203
38722
88419
36284
20675
51557
25444
36865
69918
86092
33420
36829
97713
6343
40681
62137
12618
14591
94686
22202
80387
35049
51059
23760
56199
1333
34999
54570
81727
69280
17796
54853
15502
26987
7364
72044
26084
1349
63631
10854
23829
81858
90321
98397
62264
36729
16331
85376
36647
14424
30951
96485
6939
4287
61153
59784
31481
1960
6004
21845
92502
66308
29106
55444
93923
69705
14184
80786
43909
10996
23913
76430
55749
99372
34062
86840
9033
89408
27378
5227
8111
39079
21192
55091
1843
17278
57468
78096
10906
89280
30159
48034
13
65752
63873
71097
20054
14818
17394
54656
7045
80305
86971
63804
33190
44834
88342
58078
1628
75036
19806
76567
30877
55630
75443
80641
3189
68283
51389
57439
82816
2043
44168
37170
68932
17929
30897
66992
66978
10600
84320
48563
63104
82175
44004
54133
80580
69770
37903
87360
1729
46004
42716
10359
43731
28719
48621
43465
3648
77798
98160
34140
45788
53325
53452
36665
17175
98158
96455
75272
49301
17317
77658
53984
40528
83005
45207
12063
32805
16657
59207
81778
86360
59019
43035
82863
26452
76169
89696
5472
89962
58021
13997
36947
14090
31805
2536
71426
88066
84927
12194
41382
81896
88851
9867
31865
34703
57169
24879
25374
2153
69675
22672
50142
86263
93753
87155
26670
63610
58049
66884
76042
42847
90988
95882
73616
34775
24323
50131
3996
87473
95861
22534
4578
4806
14023
6087
29336
57826
14324
15096
40496
82938
8162
23567
65732
67260
76380
23778
71519
70858
45273
5185
80003
7573
69491
66871
93756
80224
51796
79078
67665
18482
2525
44596
59452
61714
35631
36513
75563
27664
59199
91460
13030
74416
66845
4292
17161
26728
91395
11441
29948
94546
21222
70984
68091
25901
65676
23671
20595
75445
49753
83108
63956
54099
75907
96660
54529
45798
83752
68556
25867
50868
65944
97084
86340
74041
80227
98547
99568
59779
79395
38555
18232
83961
15038
53010
64410
75671
16250
14245
27631
24649
16352
23720
81298
45889
49382
54436
51952
84885
82025
71725
91921
15432
2084
56407
1316
4818
14328
68636
67803
40947
12017
82340
19290
51257
25648
80756
61503
93790
32331
20899
56826
70730
18947
23882
52426
4803
86641
97226
39178
12585
84814
39171
49246
19418
68641
83252
94489
23406
27796
31595
94280
43553
12299
70993
69254
82108
50744
83395
9690
79007
59887
2279
48386
25499
86772
25124
48790
46832
47701
26973
74699
82410
69456
88570
26194
12056
10994
62868
73602
71909
98132
61481
11881
38927
63530
5092
53484
675
18220
67661
64433
57711
22110
95348
96949
72119
5815
79252
35150
78092
84966
85130
97472
31120
51766
85473
85875
97523
58525
76226
50632
59052
53697
79190
98417
58246
83500
94287
84438
42568
31744
26008
13152
19569
67184
14131
74086
88744
60625
60430
47466
16326
48031
65758
81646
25801
86257
13197
59893
64195
50604
38204
91007
97802
36423
30974
45562
19507
18856
2512
732
52489
79836
92523
9229
77674
79022
82939
54091
52920
87759
16201
47721
98611
81314
25117
63960
1427
27628
18331
67807
59334
42278
57388
58209
9225
46020
7951
90661
20099
14592
50201
22927
43108
79087
74931
57758
97557
23138
92394
55618
56606
40169
87127
52084
36927
81243
36532
12006
99848
12286
63108
89243
44090
46157
18821
56013
78813
68061
45943
37669
89828
82065
18475
63555
9795
47880
82497
31330
13698
88605
10146
5741
30134
85810
38174
51971
31341
94247
34651
46810
23450
81147
72079
37763
10910
31542
1745
75420
4112
66375
60589
55480
77461
98713
42615
5652
48201
60978
5333
12551
41936
5442
105
60703
60145
75139
19826
65458
50921
30155
87064
7350
54161
28423
92006
69110
56281
86583
14501
59001
12852
2372
76659
86868
70963
51345
32430
93368
86722
476
7368
20292
24744
29347
91468
38163
63717
11576
58316
60775
92199
52891
59704
87292
51185
84280
90799
62337
634
21544
34759
22730
5395
39935
72068
50983
20455
71214
74674
50698
36778
56472
94365
55232
85194
17849
35
29482
45916
28768
85224
85133
24199
58005
42257
54223
95748
59562
73055
86228
89983
40426
82582
97818
48842
64943
18414
44109
40037
71371
49708
48245
54062
43652
33052
32079
37635
41818
57605
91712
43880
86432
94812
33347
73298
12387
89607
14494
12320
60745
53187
40007
70541
50091
17301
78147
47683
75887
75995
11301
94372
98319
83253
1813
15308
20995
30208
61644
13928
11546
28735
89571
21933
79869
76260
40959
89685
66097
37118
35887
31899
67012
9256
5638
147
87441
78487
87841
7295
55800
29068
26747
33889
35045
31535
49122
92652
45079
12629
23226
56351
19363
27665
79259
59673
27802
84813
62607
40911
54815
29478
65120
71393
74534
28554
58997
60719
42674
59615
67191
53763
6610
2281
43633
22695
84444
16544
61957
42825
64747
43741
19753
21569
11941
95983
18943
63225
74899
12339
33194
32489
5237
40130
29442
61971
71453
15278
22801
96013
19293
21714
55488
64689
9418
39633
15814
76002
93723
57273
36842
11662
75125
39721
90872
35011
19215
8626
60218
51978
16025
813
17804
24288
7790
29973
3276
93924
22823
48786
20470
57955
51162
18607
52872
77628
35196
94223
48518
15277
87334
1720
54981
51510
71757
76340
81592
55234
38210
26191
3434
64020
73627
59797
6005
81126
43908
99221
723
28412
5998
26875
36217
6269
30221
65599
30155
45717
77205
57883
2253
68226
43264
95487
87375
32807
5468
98946
69373
96542
17146
66162
13123
16817
36388
21479
32187
66614
16711
53219
57439
22845
16855
14611
1491
4907
95260
70192
99210
83150
15990
96763
76002
83548
7065
36562
4140
93536
96595
53468
56580
49972
92520
87124
66920
23242
58758
69507
12436
35045
18239
23944
66475
81170
33203
53399
13262
58494
23688
45624
60970
85141
833
27487
72056
77358
41402
24730
1214
34781
14635
51284
41191
36709
48398
51848
42551
77491
33922
52947
47646
12393
15800
36116
9920
33368
99866
42164
39511
64041
64406
71682
62210
555
68980
47975
6882
68869
23333
44626
39276
30948
80219
12337
90319
54786
95747
85179
72230
45439
64423
55146
65138
9754
92990
46168
67867
17318
31107
81642
39884
49633
80804
39660
72811
45472
50347
96487
45630
36388
73324
65758
39060
8825
82755
31050
28825
13714
23537
86618
27150
53794
64385
80256
19934
72675
19853
93027
50654
52825
24241
85564
96438
98129
90186
85905
4230
737
87676
84517
34575
24798
48833
26491
72178
68663
37312
23315
32229
6263
75727
21010
80425
73321
18669
10949
83478
65217
43207
45490
68113
70994
74967
59385
23503
41085
62048
85568
89012
10110
3879
44617
78427
78506
77676
85231
89221
14430
96154
71119
51527
47164
86244
10661
51339
14130
53083
8656
37829
69687
20314
6437
74326
42413
13622
70572
51018
64800
75701
4866
56384
64908
54907
87706
99046
42481
80156
53193
26181
63348
17753
14129
92315
88149
2245
69765
33237
53052
8556
66939
9396
81889
65419
62135
79917
18365
43416
18987
34362
83147
45609
28062
55743
70269
29562
10681
4799
58466
69889
3246
50528
94313
9107
95331
30208
30530
7041
54394
98765
5140
879
648
6347
79748
25015
52949
60052
88426
8458
83241
12791
4316
33229
17260
60163
17335
78744
35217
74805
71310
75088
37877
87039
184
85674
41793
36515
54658
87048
22020
21314
99340
23385
17159
55457
37820
65506
62351
81822
37774
97896
90635
57325
6818
30084
17805
16654
57797
88719
33683
97969
63292
39887
88013
90289
26211
85186
61944
22926
25484
4287
82161
81647
9106
51128
49121
73076
79187
12871
88289
53525
32858
32186
37771
51025
52595
78320
37956
34564
94224
30223
1381
53177
92121
29686
16972
55115
76811
74067
45648
67636
89001
94387
80416
9217
85060
51217
92609
9090
8256
13818
17169
90323
80854
27159
26652
21286
198
93284
17597
9886
37871
80661
87089
45631
29184
7135
4995
36148
12592
40167
84352
7724
77851
85917
88368
99480
75409
76784
28529
97707
71656
95897
14003
5838
34031
24587
69433
37230
38188
88665
10112
42255
47373
67242
89465
17584
21832
60194
5278
6156
57124
65483
18185
176
6429
94418
21864
52913
85974
81742
71871
9314
43634
82754
5115
95354
43808
12851
77870
97345
44875
10478
45785
44447
24659
57569
83424
22339
35185
97981
97791
64239
53625
68393
77208
39231
32340
84347
66454
92117
97467
77565
37994
80092
33317
62422
88079
62019
56626
30195
50259
13366
89963
75147
1802
224
16470
37676
23028
19730
10790
24240
33515
69967
75470
81813
69802
64355
50661
82633
26958
21650
53665
23476
95096
55119
29140
59848
46743
84038
10836
23254
83202
51755
60608
76530
972
28964
69365
48248
97260
54798
89657
65123
14493
89370
82058
9846
17712
67257
21018
18440
14558
51678
90923
93268
32964
92556
26724
24297
50605
79033
61169
58730
96422
40431
50065
91961
2285
73470
79080
7979
97712
47062
35988
93190
83119
22509
53712
26227
94394
90936
33245
79744
67778
98169
23806
84395
67646
33797
70768
99552
91696
51492
77805
91521
20725
33982
97907
56336
55689
9514
70476
39711
1450
61326
23983
38537
10079
6893
28523
34194
98903
32460
99309
48298
3430
14732
77020
34197
86842
8425
27542
15856
27836
29209
1697
31818
98334
47946
80716
38932
61484
92151
81881
34797
96950
94760
19437
75488
51736
5616
75352
91527
19210
9614
56588
74977
60954
64750
38715
7774
58538
35684
87674
34919
85844
1496
16201
73094
68687
15955
16829
48210
24307
88557
56337
11451
60431
41206
94103
76694
67568
94067
25484
45909
78787
78006
96235
15282
64111
48362
5527
57429
26211
52905
89728
39812
22042
48208
69454
47411
67248
88130
61974
50756
47226
97436
76300
11384
67178
4279
14136
25250
34536
99898
88041
85275
45336
82003
7351
45766
96972
27149
41150
20370
6154
11080
89713
96694
9080
71483
26427
51369
78407
95481
14221
48137
48069
89670
61940
24922
88451
32404
94801
72365
74622
29844
19593
86760
77659
43587
57171
18185
21390
93770
81164
98059
14402
64413
59832
27111
72546
16799
57766
24502
97060
94258
71465
60228
12372
57942
19101
1294
40644
56264
92592
3216
35759
23834
99019
67178
48037
69148
14834
20091
21909
31640
55413
47104
7585
64440
37683
58223
17362
57858
40633
96370
65946
38474
69125
37438
69861
21924
89396
91127
69507
39547
63262
68691
43476
41632
91780
98216
11539
30395
54760
26206
61635
69638
10006
33494
89668
73791
8664
43265
27029
25335
6646
48595
71148
56802
71218
77070
69077
44310
60551
84845
27554
85922
44471
21127
2433
13784
4856
26549
74961
44687
55117
1297
18896
4175
81534
43977
12668
34243
16046
43185
87948
24428
74192
29909
15303
41125
3859
65853
21337
53345
42854
78425
58848
7605
15162
93993
94404
45494
6989
78252
70762
69113
33488
14679
75475
27666
68767
2620
71282
40271
50043
86446
19152
8247
3010
91778
94717
4657
61911
38975
20659
90432
32823
35672
64523
77477
28477
27517
78781
40607
98360
52002
66387
13443
51630
97511
93862
77259
72436
2816
79794
41588
55798
54014
16244
74338
33237
42205
93781
80331
75162
31466
40620
36368
9031
29986
50719
79912
30814
12242
50733
39879
61094
4420
62647
85968
10046
26156
68966
52297
13149
13199
54413
87978
13508
58942
86748
8900
71659
86868
74665
27377
31819
53551
7111
89034
77774
86931
70872
89605
814
95115
90535
69625
56567
10248
70915
23378
60623
73459
50382
15352
32496
43233
16059
1482
80256
10877
46420
15927
88468
14710
18410
61471
28524
45508
27240
14609
427
80428
4307
46299
35971
33922
91956
52913
91328
66010
56184
86905
18849
92673
38868
74969
85784
33835
89252
6242
13411
65745
12478
10541
51573
14912
27162
76095
12275
47119
25455
78295
23472
46447
37962
74647
74830
83920
8193
76934
14469
72237
94465
56448
45634
3753
31901
12863
48283
72428
15347
5570
16437
20360
3505
2535
5743
29991
53897
42871
53163
72666
66223
55708
16797
79532
39528
56825
15357
32352
10395
57740
78486
50519
62385
77093
71126
67953
31531
55064
87555
11570
6541
12966
6911
72495
88830
1288
57601
25306
78366
20573
13205
18888
48412
61378
5410
8036
13539
11702
27596
15325
54220
76933
32499
38484
71965
55993
43972
59645
25785
34590
16955
42090
26449
86124
51288
81266
37280
46360
48748
11436
63246
21111
63108
93386
51073
13107
27366
40746
85870
63755
69693
49161
49206
39017
95030
92710
34414
17452
56275
70898
11093
39798
63545
44320
13461
72834
72572
23116
76543
43625
95690
63427
64136
45225
43366
51337
63239
23798
80945
48359
6880
93416
86182
3223
68068
75179
75758
646
75818
64401
40762
72633
2453
35401
75717
60517
96379
98344
27365
71508
25030
21494
9231
44263
75085
2329
35595
37625
32762
81927
6897
16230
50271
25426
74963
93119
50561
70677
76180
61932
42481
88142
77792
51227
77537
87185
45975
93153
7850
69703
36096
86943
86834
82430
1365
67581
9328
99559
6551
76097
744
58194
98618
57637
6995
65937
68153
34034
14858
69411
62521
99436
8859
63146
28925
49775
5486
97596
46248
63489
27886
66767
39660
10223
16915
83075
81801
99898
5383
56050
87357
99557
28147
44691
36335
67758
2276
39829
43118
44684
39880
21473
87871
52540
81018
34539
23307
57161
17795
8603
68946
7867
13535
88009
76399
98856
91697
51235
83501
34842
96657
37900
51876
51598
5498
31592
82852
94693
90373
21038
27774
78289
90836
53595
68120
89453
78786
44253
32137
58787
38099
24814
18823
92452
99357
39583
87320
61528
31690
31665
75875
37980
65616
14416
47902
25307
32479
38582
45049
99453
14925
26801
65034
20230
97772
13665
22030
5182
12673
58698
49122
63813
60217
12605
17230
75691
33853
21505
98313
87982
23592
48132
35893
86031
17509
64796
24521
2894
22085
59920
14088
67827
48644
82920
75059
87268
20231
19175
50261
35123
63148
10905
86065
55524
72642
632
92916
46907
12162
18904
18808
8028
57327
67560
77555
97233
60220
98699
89463
63214
55272
8428
45289
92907
57932
60586
52533
99367
34091
23651
30212
66243
38723
35433
18933
1241
72237
29849
51138
58216
60544
57768
23907
34362
82677
21713
16550
84271
1570
26954
50762
68490
35220
96764
25112
96506
66339
64673
26998
94539
70467
76582
23005
21563
27185
4012
86962
24354
26685
23067
53979
47672
17253
38959
10306
27717
85060
70200
21938
15713
22146
73592
48835
93498
42523
48155
33104
910
35940
11716
91595
82086
37867
68632
10489
44053
93205
31479
65871
99610
44248
16122
38510
70351
72322
62914
87692
12633
33362
94080
63540
36251
58082
99970
53491
6539
77931
27282
65505
38604
91927
81330
78931
86458
39519
53633
40312
41326
9831
83863
95330
15999
75105
11284
20037
41080
14930
94666
72087
28629
81617
94969
53868
90949
98362
43868
4512
56408
41766
22284
69693
25452
97312
44764
79265
53083
40714
33952
42888
66424
68444
53680
71990
59653
77763
49771
51530
4266
11711
6112
41382
3470
15318
29059
67943
76887
23627
83049
25894
71262
67395
74529
57683
72631
77711
98911
97029
80373
99781
90166
7184
52531
61887
16111
70338
3839
11308
10979
36607
43567
37365
5210
65670
28728
28109
9370
43258
18898
65723
58824
1015
77857
92367
41205
16563
23059
60765
4961
81354
3986
82242
14184
63324
99969
53354
20156
84819
4742
10409
31887
4974
32868
77564
94146
38360
88421
14
30392
46421
96688
27668
44944
72244
44583
46497
2878
44369
76930
53299
7895
33238
39110
19295
58826
58578
47151
8915
83885
72535
84439
65912
53450
63866
1111
64326
16497
47468
34636
38794
76988
9171
67300
80202
33270
87545
88140
84196
3395
48650
76386
14514
92200
93954
79164
13745
39363
47649
80728
1724
43689
44245
44636
53911
37952
63812
84719
63335
67793
5356
30227
54321
89793
96869
4198
63221
60948
47369
13843
64388
67428
53409
81904
60795
99860
62579
52426
55169
34504
73765
18402
67412
10227
75506
8565
69682
90259
95317
24326
26035
88765
30284
38360
55386
8674
83488
33015
28806
48655
63786
869
13059
10361
27861
7800
92378
88821
18405
77493
77602
30795
24920
10271
48705
83651
72034
14363
89994
80680
74646
58754
63354
77305
36635
22224
18426
96699
56026
68186
42336
53667
24550
77658
43826
75022
18413
65366
12997
18989
41870
54303
72024
14435
28136
73032
5095
38973
78803
97582
3783
24361
71233
78254
6768
16622
13794
64589
29331
26506
64208
46998
94041
54827
982
79356
61129
54268
43899
4359
57058
50829
21487
18668
89309
86001
103
7023
97150
22678
72768
24777
12362
89637
69265
29267
26977
53138
29646
39326
85992
90234
76988
25598
74725
57670
66784
60416
80690
73455
90251
68201
95391
4573
61485
96400
65716
7172
50361
56323
38317
12651
78853
12781
47278
8148
94357
77409
70975
8570
2931
8072
20010
66499
9630
92307
95686
44882
62205
75818
69114
59838
60759
60753
70387
14934
76935
85343
32432
59201
74389
59313
36796
99601
2760
54204
20274
84871
5803
82646
86389
4886
2255
18377
99070
70155
82687
24865
56143
92361
20770
6126
94645
11367
20985
94758
98831
94351
85497
98933
27744
49004
68611
49269
3574
78269
62984
97911
57555
26041
38153
13603
68150
78254
23480
76087
40831
61381
62535
1542
33183
16607
76711
35683
82540
57533
35149
14353
64170
71013
16806
34084
89288
9023
68311
61126
53771
50075
9233
42504
97448
59082
22835
10700
91285
16586
61269
91602
77441
55086
64425
36975
53708
50475
1739
77539
83933
4734
34662
35564
95744
98364
49380
58527
47855
87752
25
35196
25808
63186
99703
88305
59939
25722
49742
35012
79035
19510
66653
79084
18028
84990
55676
29458
7080
17193
623
38143
13645
76355
63979
14288
71478
19892
19352
19377
48750
80498
84016
56502
16071
26230
23189
6137
71745
61537
44297
29312
92177
38127
31605
17426
70809
74867
60361
45694
16300
26225
13598
17016
93561
26962
58418
9025
1365
30234
40236
24237
40881
60434
53364
4379
52042
2661
50804
92044
75624
7227
63622
4013
10498
7885
69131
26507
8809
98528
36871
55419
75404
90214
66406
50962
42071
71167
51102
910
78300
8512
93247
54654
21160
47810
7122
29934
18526
45153
7166
73974
20289
90291
30595
49456
78621
39367
49665
5879
3326
26644
55020
34165
79156
59989
27027
22570
79119
31055
83783
44012
54372
32710
25268
88459
32366
65855
93494
10941
3559
55499
18843
64990
44957
35896
94376
17867
8102
8262
49253
52108
98985
82354
40643
89410
82402
10179
31042
30300
14479
22969
31378
49273
67267
78169
98249
58468
10160
77718
44957
60196
80753
70590
2909
15253
66748
74939
43512
67874
825
9772
22026
53029
58505
52061
58324
78789
28009
75802
38114
62783
16251
70228
37112
96563
89392
51973
4758
88037
34856
71834
47630
77985
15100
13426
85615
14110
17870
28579
32910
45404
49648
11601
88042
6777
7750
99261
17383
26272
60005
2061
71525
57363
62775
31987
167
88944
12676
57163
80419
25618
18099
69940
17568
43937
32287
33615
78056
86034
60592
26101
48355
49436
23241
26167
73261
88803
46891
51247
48457
2731
37848
19535
21373
55176
30505
45563
68475
13624
19702
55062
8860
39626
28341
88297
37922
8101
34442
93102
9045
79793
54839
90321
83130
94798
69640
53366
15242
49906
94961
46024
56705
71661
86558
19873
41595
52954
46679
38724
77672
43009
75710
23244
90309
18497
15508
47215
71999
43090
73344
25747
43698
41164
65009
87672
84489
39742
79197
62128
74707
1882
21498
97729
76028
96546
91568
90229
99851
67684
74603
37126
22682
12033
95967
5006
64222
14335
96904
17293
72868
93529
33753
96083
21106
4144
6415
88211
58017
996
728
37160
32940
10076
78946
15020
692
76991
77655
3247
69663
77885
55423
74969
29859
80571
77901
80261
29345
50909
75150
4773
56175
6053
39572
57495
34337
55037
70251
65631
40207
66135
39116
37630
30514
26864
46891
32844
63846
99911
9172
44795
1459
77220
4716
20101
63626
56242
91632
39241
25138
81143
82314
88598
76718
1891
80497
22110
20290
66662
95921
9222
11353
94385
20155
94903
36426
76276
20966
26571
43189
31218
72503
69986
73213
9794
2679
72128
39624
78509
42660
63708
95257
2842
24904
4318
45232
88358
61613
65432
37527
86756
21644
1089
30930
17968
17936
54060
37102
40371
72925
68421
9282
78378
24909
39233
99141
9070
11093
78615
3529
39779
28450
75958
59199
23781
63038
45692
28093
1296
25495
10832
70971
18856
35712
64672
94734
1106
32914
43508
5839
55119
90267
18339
84060
94788
8507
42276
11910
85311
62596
97334
46559
63214
31506
39041
60233
59651
34546
66252
98385
95740
51770
18252
68650
82515
13639
7981
93124
81329
37269
23004
23580
16952
1818
18939
28975
45608
62104
40869
82213
35264
20446
19546
17337
9824
88048
77432
75688
13305
50195
97265
18267
2048
66942
6832
1564
30053
11887
59996
42826
5911
46508
93736
73876
10798
91655
68899
18295
43629
66518
18247
4067
75680
62431
31676
82670
8498
68245
19219
2448
42873
76102
84972
45964
82493
71078
55764
72936
10432
9696
90862
15519
32621
65203
24308
22657
47852
60077
62787
26944
44772
2944
54565
74337
11426
91291
82798
59301
7963
14628
94153
13873
42385
91091
36957
43749
45725
24675
35218
30065
83978
41926
63990
60876
88017
19383
96243
31349
73833
26872
96558
58800
51089
25117
42805
73971
51845
17692
89480
24791
63315
43102
77089
57493
25046
37635
11130
31153
95781
94845
5986
3089
92705
22921
71034
33872
73282
65373
25544
91811
72634
67721
5553
50823
25504
96802
26910
21462
69929
44761
25970
11632
40762
84404
88001
73351
82887
86471
20806
45981
58839
67955
24947
15513
18979
31363
57052
81801
21288
89695
78364
20447
23450
11209
85602
94468
30196
29221
19144
53337
84559
34462
56965
78306
16716
1076
59563
57432
48878
42972
80051
7037
40105
22237
62053
72938
91367
48968
7049
30302
46905
88874
46155
77150
1743
75141
81883
47847
67988
4899
38247
18468
70131
96878
50755
22571
71466
3702
28024
87765
72939
79447
79130
72544
2821
26194
41732
27930
15466
23312
9141
27498
37003
58023
98856
49068
47149
80242
92436
28716
90964
32428
29923
43687
59175
68424
2820
55133
45742
29295
66268
468
73050
83550
94353
45614
77678
33459
14838
58037
14931
95635
26432
60886
10146
25829
22343
33346
63924
43081
17261
56353
74482
96187
75137
43330
98577
10824
64187
33378
87863
15589
23495
21544
97709
2673
90944
30897
76391
28590
22601
41698
40268
62485
59713
80513
83797
910
52506
92084
86096
9720
92744
89295
31249
5235
12721
5165
73397
78060
74377
97239
10063
25701
57536
87561
20765
58733
91648
88863
85166
50263
67088
75051
3379
11968
15578
29100
19311
31410
30974
41181
91313
26984
6421
80316
47560
9216
32694
82711
4991
45039
18775
45159
69371
42519
64226
23505
50537
70708
22158
5708
67743
30266
9369
66938
83445
6405
82931
32623
64528
99438
47715
4112
17311
31486
58504
73070
46573
85963
27224
78031
54625
10830
65681
57601
90932
24649
75062
20850
76845
60479
57928
62762
652
56508
41036
72415
9510
38535
59625
93735
19177
6292
36389
67544
51724
42325
47069
22595
28320
16274
27990
7227
9457
53862
94139
49295
70797
87575
36182
75978
28167
60534
12427
79578
89731
29885
47803
25481
41643
61917
63827
52440
53853
68035
72825
88913
71029
68805
61860
79572
24391
34132
27436
23470
72390
53435
99625
43804
81325
26680
66329
7125
77391
56007
34321
82866
33449
52894
97144
48975
84386
87433
34155
68751
59426
48230
32237
15713
81278
49088
44040
79416
75235
76832
1688
20385
91518
90330
8543
29475
79786
34459
15987
87927
73730
67625
40198
50013
39298
90046
15828
90997
18162
67461
43599
24587
63656
72735
93542
54269
81539
71567
80274
16544
70643
84855
21795
92198
5192
55265
98593
51841
51859
386
9950
57944
22860
88184
33046
29312
99523
91841
57865
83275
31936
8269
85099
93987
69533
47847
14726
57739
30685
98500
29861
83614
20424
49200
71087
33276
49158
61269
17764
78661
90935
41125
84115
73953
47544
99511
72160
74592
14728
23566
60359
21244
26174
88083
36913
59637
44159
55849
64624
40054
12947
38543
186
81505
66113
95432
88863
35141
24164
66719
72784
271
68842
18888
59205
5632
65631
36474
84111
49498
96299
97667
60213
79381
50979
31698
30942
62569
59504
74783
74260
38770
94539
29060
78914
68970
98253
24998
42867
81489
55373
27399
41201
50892
76279
70078
95655
92152
50807
1855
41221
91138
99286
92971
48700
11403
38927
90247
92954
37332
44756
87166
85471
24998
12507
63238
24795
54729
59828
92611
40693
25586
44042
83276
30514
92074
18432
75587
69281
18851
72911
68114
47479
99700
93574
28951
53128
98417
55745
30161
27261
4801
40281
40061
34912
33234
39677
84217
9430
25429
3995
76079
27971
4414
96704
92077
1882
1285
62002
94600
51563
5919
18507
97000
37706
29023
54937
1073
8154
40787
56305
4995
27969
9504
22055
56108
68293
30996
47491
13460
24687
82310
49458
13664
50084
83067
42882
61829
85043
19836
51088
48910
44350
29202
37459
56765
24994
14230
5429
64930
28588
65546
21468
13595
67617
78563
38657
64888
14890
10580
22389
22390
45949
589
16660
35919
34115
36699
22949
31477
11892
41186
42345
30147
45910
11552
9564
81466
52255
86631
77025
62103
12414
53871
71811
33766
21275
87024
90714
160
57575
45935
17460
58464
36690
11681
56547
83746
2602
65414
48300
29900
75303
64942
27406
91201
99850
26938
33839
37034
84962
91309
1927
51567
24591
67988
43436
39089
87051
39335
17219
71788
43199
4621
51056
20871
13041
45555
31924
54987
44840
22271
46541
62929
19047
72225
4135
54908
3581
51195
21207
39708
56361
10353
68092
50282
44557
30472
803
89074
3967
96920
54563
95591
71063
93122
27208
18805
44770
99001
59823
84354
66778
46736
66209
90214
79644
31119
73599
61778
19315
85167
4697
72202
1792
24239
47037
63342
50138
7298
4961
25818
4511
51107
7013
85327
38900
24149
85291
33633
55516
57948
27525
82086
30222
86555
1982
20655
56511
33178
44303
15264
50868
94727
56631
39917
2718
55752
74788
61221
2459
46554
13679
26088
21204
41893
92740
35380
70992
85942
47245
52221
85382
39340
92381
15213
16492
23254
90342
17286
45628
69733
88084
81668
78693
84658
86917
10867
15068
51499
50091
90617
8632
24873
85434
27381
59544
20017
81323
93152
20914
70728
89283
46175
33095
99610
7472
84884
90694
90612
46776
9458
56186
64983
76889
73556
72900
61951
51939
70677
49459
43963
76564
59952
60238
22116
16203
84716
66670
32765
85503
96542
51745
51651
88830
3347
72210
1042
95486
12919
88900
70269
89335
48363
35567
61105
66922
85959
64513
68368
25658
63696
26090
43141
6586
48530
72817
96800
49140
73904
89055
13756
71131
59221
74223
70058
44283
59289
8471
11585
92540
62068
66476
87788
67836
75925
21070
37162
11368
76372
19577
99704
86299
38810
6716
77636
91179
98028
57334
32721
99015
20531
19086
64458
193
99833
18384
27330
24677
77579
15616
5921
13954
35697
62752
17636
21454
9163
96747
28129
19398
69506
64082
12926
65764
46607
88250
46191
85737
75049
85772
43081
73304
27577
61709
8528
51024
30597
71511
46678
82512
86479
27512
22118
43652
39780
46714
18088
29434
969
86184
50701
54270
643
2472
70893
16513
8278
98623
23684
73318
56722
41820
3960
76679
8541
49175
86378
34262
80052
94704
34960
3878
47194
1029
7076
13294
25609
98254
5376
86734
9233
55868
3517
47621
93006
75380
35344
55092
8710
36871
64138
73373
69053
40549
7511
30187
17861
69070
23066
83871
21459
78033
38611
67306
75712
40593
32087
30845
32694
77272
51862
28121
78643
74272
18672
80594
5073
26998
98805
20089
84534
54686
40764
3641
53141
85503
28480
20820
89939
54465
38921
34934
16484
60918
23617
33725
41801
84064
23223
13463
46944
15188
33780
37799
50896
62431
88915
50571
80410
32485
45720
55367
84590
20728
60826
27495
54243
91213
32485
22886
70191
61486
24292
59103
99208
82699
71537
50291
43740
2646
6658
94158
38371
92416
15626
79855
83456
29110
6638
18145
40792
79734
93195
10699
22688
16881
85247
81643
7466
19014
83451
30362
76364
85773
36750
23976
11409
35699
36317
22697
44775
37146
41585
18214
28374
47598
55056
24116
16376
56704
85764
66014
57130
48147
29675
32855
29736
77927
62016
90971
28654
70299
21110
70145
24656
44266
72114
53066
15248
68171
20934
96016
29527
56577
35574
64950
80867
88971
8655
9974
99803
26231
83952
13391
4210
78212
90939
76082
29793
45524
27359
59466
80631
90342
43637
3617
57204
33871
58233
81430
21562
35862
71158
50145
16687
17412
88810
60329
73681
50287
7114
17425
42036
25410
38929
54913
3427
52495
6038
84791
44729
30929
75313
60380
44583
10715
75736
84257
32326
53608
52078
600
74559
32523
71809
44003
18936
63882
9198
6201
53197
1953
7382
56060
30284
64743
47724
80924
48315
95182
6979
87674
24769
66394
74941
41843
83240
44692
16973
92514
21526
36024
98694
39853
84107
40176
87647
89426
61622
70493
60240
66939
33521
45264
38673
73465
54903
7487
51833
61316
20285
78465
21896
95446
47574
20539
85301
25832
17411
17630
51943
34242
46998
1246
73951
53640
89451
76720
93390
71564
91337
82691
72581
36255
14898
16627
31604
24431
46173
16750
58904
48530
21903
79047
57043
52674
66276
34042
35553
36381
88643
14993
6484
15004
72765
81709
64980
3137
77871
56993
6365
14200
89601
71467
48635
98637
67944
57801
73030
47588
88786
73594
39994
38841
91418
82057
23370
83919
20435
11923
98092
7776
73131
88302
2707
34086
45257
81238
33592
13139
78757
97802
35371
93836
39293
27586
63249
62127
45792
82104
61298
48590
59235
88911
28884
47209
27786
37097
27316
52660
75392
21508
14434
50870
80118
35666
97545
82265
2235
46183
17388
92999
85854
87774
81149
167
74597
15081
85454
26701
7368
72881
46104
19702
92762
50184
59567
15060
11375
88370
97023
28477
51711
6875
35311
12623
98060
52008
47230
86661
43094
7013
88750
21375
50064
64936
64903
90841
31371
50078
44904
38740
15248
12316
12204
86881
92592
22640
76138
1983
50156
19291
83647
17742
65937
35541
19586
42025
67777
57684
89699
10938
93902
41394
95235
73222
17903
76221
12480
23136
33208
81041
66449
60869
18863
20771
51611
21756
51096
23488
52701
57693
93949
53259
35864
53663
63117
55782
7059
64186
59561
21139
37133
18958
34326
16370
29436
64319
28855
18978
18290
81488
5721
89035
86917
22187
79782
28037
71397
94503
32023
96633
1545
93027
20663
8847
49616
58929
25958
33952
11573
99636
75991
54226
48834
81018
1955
31993
54190
96857
20626
69201
22311
26857
66565
82744
31644
69366
50331
40931
85175
46485
75052
13431
24845
29805
32652
63675
19426
68667
62590
48884
15283
22335
72836
93848
53327
36038
46843
60134
12044
47140
59642
23620
2567
50115
12469
24023
76416
13838
31567
64496
8648
44823
98698
92676
85625
90451
40098
53887
13918
10951
75421
32511
40878
75475
12533
46241
49076
75265
55208
70457
70942
45276
24159
26287
70861
99328
31360
82492
31209
22319
87336
49698
67113
10527
36757
15920
76048
41018
29789
83796
72853
55718
3992
69108
47679
43241
39683
92210
28709
4976
73899
4577
95906
58460
12933
70149
23642
43331
41014
36887
5968
55672
55182
16746
32414
38617
49637
75545
13636
27876
25854
45286
60016
81342
68885
62356
17396
23219
85650
8102
44010
64793
7875
20558
7362
86585
15929
45205
38263
12167
20104
18057
58192
78611
81032
84694
92859
70501
3895
66477
39668
88417
34410
28890
7560
84977
82219
18761
26116
87926
6339
4012
65584
85148
78101
98974
34386
77467
20654
62373
84767
19281
26396
54056
18450
68171
43900
24286
34610
46555
54336
4388
74666
28782
14338
73397
54367
96279
95260
85612
9880
26965
84017
59886
22698
28100
64490
27800
63881
80145
19904
33658
51194
58989
31640
83572
4327
88506
49462
57402
52489
98940
7938
22498
55265
96907
56459
20376
70153
713
21115
77251
27506
85194
40245
42533
24901
60890
3036
79523
41352
67513
13151
50192
16032
86172
27638
34180
31213
51031
52460
54587
45930
39168
60388
52438
33950
26873
43853
68738
64701
31743
69228
97081
49272
6459
45751
64366
14887
38655
54581
42743
61039
49019
7870
76441
66132
3294
29634
56803
15181
16653
7137
72914
48330
41815
70628
98896
93257
91122
19422
64284
6108
25729
24834
26799
36978
9219
95501
77878
53344
80842
20274
2736
4038
87020
16558
41880
21657
21024
74237
90843
50330
93248
25652
61048
30607
93907
11555
25843
20686
30239
53862
73214
42471
51633
13538
24585
24453
14867
78933
28924
86150
48723
58345
48995
79116
79071
57765
33270
10214
85918
51094
55054
52313
22646
84904
9064
35235
60010
72724
72542
8863
13515
78714
34164
77748
74482
39433
13047
27591
47706
48823
17948
3993
11901
24583
48518
20086
24395
87336
25803
59309
26042
93504
72410
76769
88950
33757
21788
33655
47072
76774
58872
18245
92363
6114
20183
91401
80339
50140
43279
41607
87291
38377
32315
2304
38647
40041
75212
17172
94301
87866
15792
36339
97825
68214
52163
32392
65789
33097
95401
56733
83390
69894
90189
97995
74724
43063
95424
67401
98721
5546
48999
60928
9538
14508
38726
29351
43518
56353
59277
41330
86270
40068
68829
17627
99693
5250
50053
99756
77491
34296
74851
17657
94016
37705
42104
58100
85242
96052
46591
35915
19525
26648
64241
18865
85591
85074
63225
66584
35743
22112
94847
50644
43167
26352
41686
32746
56917
69117
48015
25048
79707
22927
27024
95898
33495
91489
77783
74722
42177
10631
77323
45580
84999
72766
46817
52374
36470
68125
86458
78216
15054
84911
95430
97211
66203
23072
89533
8161
38896
37384
28939
44902
40669
37911
4402
18874
74365
3229
81867
20862
39466
31317
20449
4011
91575
75077
88899
99144
35897
10418
40364
35993
10146
65170
43218
99330
47354
96311
33845
78059
94373
8587
61273
21354
30991
15284
4761
78525
18050
69580
20446
19475
49154
92394
6331
20850
24558
86542
78204
88395
5037
5754
86327
49241
20546
91411
55429
25608
68820
23462
3039
47067
93994
64998
96214
3932
13379
4555
67770
53120
72044
17632
44101
29713
27733
82967
4348
50584
80577
81401
44430
72650
71603
64681
71192
12921
64371
46786
52800
77242
44699
52523
28211
35253
66534
47025
17798
65075
27729
4255
34266
12595
29052
6054
83985
24076
75645
67348
93163
78451
37878
25013
82779
79016
71838
9957
96429
34514
40905
70191
10470
48382
72328
41442
38653
24492
88010
65561
51631
14985
84177
33360
56612
60112
62458
92962
82737
80144
38210
8846
93242
13292
5001
4831
69116
40394
97975
85092
92483
66529
89803
89600
54098
54897
16076
83306
6006
61026
32037
83176
50266
71193
4706
7576
90837
567
67599
18763
72029
37298
82152
31543
96059
54184
15666
54205
15978
99288
61456
6908
53026
4142
58580
73578
80753
32696
89172
49658
34971
4649
14620
84125
91511
51863
63715
77619
57033
49073
4352
95346
43100
28647
44013
58762
68674
15556
80249
62740
38538
43458
26237
78966
17234
1472
5838
20187
78404
89619
30237
80099
37192
87072
72839
68184
8300
52852
86350
95881
28563
30460
47644
86077
14836
80264
31617
76118
43743
24506
17090
8277
58859
82035
92219
23244
70578
68410
85548
95071
32576
30945
8199
94805
30959
81000
71939
13211
34004
19529
52027
88866
25938
15882
61253
96429
51495
3693
99545
46407
43540
95538
42273
23091
92760
46026
29085
5394
50777
79038
31830
56893
50092
52436
61543
4586
88780
76558
12925
9208
14131
5782
85581
29751
86288
79496
51682
23262
65763
80941
20118
6070
29854
98378
61515
9952
51999
72095
33127
26892
12650
9047
61879
31535
17430
83083
32703
37649
53406
7816
97597
55588
48925
48756
54549
30133
35458
81537
37814
61946
92469
97296
44720
477
34980
7824
39786
65439
57336
40103
18812
78693
93874
876
97530
1362
24183
17562
12061
96827
48148
88740
2497
59797
60328
89287
45562
28915
32264
68049
89222
94054
94620
3950
1164
9058
89711
28628
59431
60583
71929
80237
5909
80970
54574
23371
97007
57614
87358
5081
4243
32759
65261
99640
89152
21860
56937
62181
75954
36676
62331
6383
51972
79131
59990
76712
42136
13156
59220
72631
3722
68356
57255
97358
11203
25129
46298
16592
88009
19256
30744
25673
8532
60827
81595
55131
47217
87274
76278
88319
79164
45934
79212
8735
78444
93939
69306
63238
60918
74498
1356
23203
75593
81057
27323
80088
5796
16073
46807
39430
69927
21349
49601
26808
11684
77439
1448
10656
40272
11514
78129
57977
65856
87956
53930
57695
64920
56430
28246
51573
56761
84694
37970
69290
90955
42810
63265
75888
13733
8430
17542
85649
45853
96117
38473
96240
7227
68273
96894
38187
15201
25305
75995
20571
37928
69161
42347
53841
71168
11197
73659
93903
40081
17952
78168
95547
91961
2080
29726
89651
6168
11888
58151
44268
15577
85356
79594
66666
83523
44044
91414
86004
7289
12911
40157
38258
95619
76144
81118
7359
15342
84303
41153
52219
14206
34352
31045
15301
15181
61242
30881
45929
25249
89286
94861
84023
97962
28602
98415
58923
30663
40388
22402
47049
53961
37787
3587
14578
88334
82842
71007
45317
97228
78921
15553
51008
83287
86771
17203
71254
70448
92436
25249
35658
83744
17321
41399
33430
61427
46472
39434
79441
21710
63158
64936
4859
91540
72413
24981
55200
29165
30480
75782
91465
79017
81839
56662
28168
24190
2701
44846
60596
37062
13002
49374
72195
47347
89190
50748
93223
37522
86415
30241
94349
60934
91969
86061
93035
63467
21801
9969
42506
72489
60108
10268
59507
77971
12329
89248
29150
49211
909
5129
38488
83612
71326
45777
68790
58011
52955
95038
82384
7659
86767
29275
67088
46573
89622
4798
1566
36746
73444
9350
72391
3455
19639
5666
1796
67438
54246
38615
74864
95481
35326
22917
13085
51393
41295
57348
30159
85479
9634
40383
86175
9033
46526
11609
18594
70621
91837
61783
31157
46788
18570
84920
6678
24622
30061
15757
71244
17957
38449
62161
30598
77260
73120
2673
16553
73440
58739
82382
42070
11876
12532
17834
39188
6141
9520
65477
64348
41087
65732
44506
92238
78266
39806
94188
92792
54436
19843
48741
33205
29059
33273
83800
71670
22145
35559
55007
68197
28158
53283
11932
4016
76449
57038
52661
68415
52843
67723
28609
97008
27936
35602
70193
62175
10144
41953
1969
83145
90677
72674
44724
93320
79473
93911
41906
60637
40278
18839
70051
60015
25099
21939
50354
67321
73408
87032
51038
50211
58183
43059
8281
30785
65871
58555
20763
46256
63511
40168
55279
47159
68844
55613
48402
70712
78638
76844
3168
34345
86209
31060
68170
93291
37478
80656
28214
85974
74429
29286
95497
71432
6283
19640
56587
2721
25912
58743
68908
77517
19828
87472
28968
26215
415
5476
3073
78722
64789
50241
33227
2900
54408
16135
40206
98692
19666
14089
73155
18398
6932
22027
39571
63742
11814
7380
56075
58554
26919
10704
5121
18367
36764
77893
9785
12574
80803
57590
15114
64028
42184
62678
75270
26891
73060
79268
94724
66577
34176
34946
36993
63975
59146
36456
69035
54101
1691
65326
30637
85409
26393
4611
47847
80120
22088
54485
35081
24607
4464
68419
24167
40872
43229
26603
94416
60589
88622
10217
7988
97682
53484
14507
68022
57923
19533
91575
97082
97251
9569
4264
24638
73168
60455
66140
68689
2116
9152
18603
9932
28684
37273
36342
64334
98467
75971
78449
54272
49495
6463
97732
69994
60054
71917
33438
5231
55345
64771
84051
57508
42488
87851
22039
11646
91081
62826
50695
94505
77487
25011
93854
38112
387
83995
51917
18831
53359
22458
93893
50920
44773
94217
63905
46389
83897
87473
32067
81647
74898
60212
69606
41586
54595
20162
69857
81602
55347
25037
2373
566
79756
13808
6072
90661
45570
81260
99766
88742
5608
34396
45280
20327
41206
27525
39068
3458
73855
36787
40865
41163
65405
98319
3578
72906
93898
22256
63227
3852
3388
50144
85980
68654
42503
30360
46194
77657
99981
88133
96564
1404
34128
78856
38847
38408
24428
74458
58361
27987
55742
82417
67243
73621
65831
55075
19896
52258
24809
48209
88523
89109
25138
64381
90519
39464
95563
41376
21581
52102
18866
92094
93912
44796
98044
8159
5194
82162
99392
96874
82940
84761
96043
77492
14712
72523
40488
23281
67802
47899
52119
68693
44783
19529
73821
63261
61912
17711
7482
829
45599
7495
7122
21726
92758
88085
92145
24367
29751
85142
96869
21642
901
72701
82186
39306
89614
68986
63012
41691
70034
57070
20707
53201
93771
35233
77520
71393
12174
14637
90988
97537
6310
38683
44770
49206
11609
17408
80863
74305
33295
23442
6529
66396
61454
79804
29969
28149
86186
11974
75338
36654
81020
22327
6362
82582
3598
9626
17349
59860
26064
72467
11858
27105
17100
39662
6725
63944
83277
126
49694
22045
40036
49724
28417
67260
47326
48549
18179
73048
95909
43629
48882
31026
74773
31152
64014
43270
76066
89634
89097
15334
61963
25696
82895
24262
92718
81592
93756
88829
36483
33804
85725
7030
58454
88611
75376
38263
63502
92547
26158
15639
11813
82489
98854
63140
62095
37198
52965
27249
20157
94110
17820
70151
25930
52024
45058
10238
94006
63937
96798
74686
5942
17416
55423
6881
61541
28913
98872
42212
2852
98564
87434
69362
38173
82414
11993
46709
45167
25233
93322
61948
15224
24216
82022
41821
14086
8230
40707
94190
13165
63989
8313
76040
33893
38021
4408
61512
53480
17321
70389
86580
85912
17637
98829
68161
98116
83440
97
53940
14583
21372
11205
89067
80540
51009
16922
6233
87037
4750
19675
50108
10841
70603
24848
72670
84133
34810
30258
548
59684
61540
36483
88370
49072
68963
65702
44022
93983
9642
93503
81676
27641
18283
82358
70805
30999
72179
51833
46756
31305
65951
98991
42917
90985
44085
92336
74924
85555
68834
12135
38964
64057
71647
10275
28009
75399
60210
46474
9407
22561
62469
17352
77253
94224
86780
46248
60872
87524
87911
86610
28842
39616
83691
66314
41296
37162
97833
9
75903
27871
10994
65091
21744
86709
80385
328
59427
50719
59356
67527
94454
62342
33873
89747
83525
53586
37030
52624
48672
7851
17913
85282
57269
90263
98487
40771
96175
16682
66234
88174
81693
93114
5202
48928
86560
55910
17005
18297
82742
13536
5839
98113
94019
75392
98864
76761
71559
6299
74620
72336
98720
80558
98976
7961
98648
50119
82918
71416
25851
24692
69087
13961
1747
76362
63365
96131
14984
91998
64009
98981
64029
34743
74400
57682
39272
19489
68389
18070
3891
70190
34782
58654
27110
12337
91938
61763
76736
874
14784
40699
89336
87286
83549
19261
49721
32990
79379
49821
51727
63224
91173
74519
95552
48270
68512
65438
69753
97637
25614
45113
73363
19231
66120
94319
3746
77981
30962
69324
75022
48948
30211
49875
47146
68608
77791
64892
10048
84358
55918
30544
34440
78501
98635
4818
91845
18846
16390
70960
29539
5755
58805
22350
32540
78678
98612
40306
26873
38538
24405
61887
7262
90516
30802
68117
58938
69629
14489
25721
78479
55018
72818
91261
20190
191
58628
18318
32194
6752
52522
22895
56394
9528
80196
65137
42229
63991
67850
95023
19769
47721
98743
49305
940
28843
37916
57809
74384
88160
81357
75462
88518
91786
45375
62505
22861
53495
57126
74786
30026
52660
78529
40598
93558
11219
17221
47906
61888
8610
69468
75042
4877
96189
1811
52608
54159
22197
91455
97598
731
79099
82465
76455
11560
53596
26576
66291
37033
53747
32257
25181
94685
83178
68186
43327
1905
55439
54483
243
16952
8311
6973
63805
31359
95360
34086
53489
76808
67877
55454
4496
45039
11575
37932
54971
89211
75600
14608
49281
87122
12313
27090
49039
63955
21678
19898
89564
27538
7224
73641
96942
34911
68775
52776
93715
39647
21527
69974
25063
44156
80590
38592
8642
52932
8935
25656
77095
44969
3327
47916
69961
1358
98035
27525
98236
82787
21510
44250
76791
33454
72296
93505
85661
26249
29860
4753
38732
28061
69506
56668
64480
79206
12744
62275
33504
84492
68051
94458
58876
92292
11004
35308
12188
93601
34925
5093
94074
36270
61992
41916
86700
99088
9326
81969
83044
28069
20076
68791
51607
36615
22523
56895
67282
51485
61115
40205
63960
99298
82130
88921
78807
81447
83177
33597
47950
23299
65535
37098
34380
45058
71595
73986
44317
63323
65149
9942
45024
83551
86919
2733
39690
64039
63063
95161
90324
55456
89980
96480
53948
91825
93278
61437
60397
40808
74826
12387
31022
81806
60234
14810
47695
8557
26680
37984
15568
70276
40450
36925
17151
95398
86899
15624
29840
50069
84081
76986
31194
93272
97123
48599
32630
73512
92282
3522
51061
65282
125
63178
52126
19055
31498
68569
35936
20910
67792
18488
65355
36726
35987
12607
43650
89630
44937
8348
81777
93324
1369
80672
35669
82520
22311
70184
44377
73918
97152
17564
65608
52223
80661
38506
23781
96794
10920
37003
46349
78199
42744
37559
66962
54380
69409
29659
25034
28687
66516
84749
3348
17135
82448
50371
98535
71334
72161
41160
18853
26004
30198
34311
43886
89851
72267
75575
20190
92289
62804
10280
41755
64778
62372
60068
24354
40761
21582
30519
27992
80073
91458
75987
77599
8667
56344
65230
34970
76224
61593
80197
49203
60701
81265
54973
32046
28903
64172
31790
14375
46065
32434
37762
19691
42418
10126
54643
10566
39112
27070
74646
60949
63868
81510
60981
66328
48026
29378
29398
30741
3275
34628
63351
29843
11925
16662
83260
95673
15767
1366
57169
47758
20300
57786
56531
38877
35277
81939
32947
28779
58756
4721
37125
93626
45003
14843
35011
74202
3607
72940
57797
83177
6190
46016
23431
86557
96056
87534
31910
49479
20094
83691
8399
15980
74631
24160
54545
68579
72679
49818
72680
32183
57213
44512
14734
13324
41911
14737
87491
99071
10836
25060
19388
16672
44039
341
12685
41698
85828
51271
69348
12859
65312
53423
60709
78972
77881
87098
24774
52690
1138
48995
86727
80335
33736
24340
10135
28477
67623
52139
14160
47669
98153
97779
16548
51275
5512
93694
96467
5517
54024
40417
96379
34677
24027
71458
66399
54962
76663
14683
97863
294
12031
14265
23591
71167
7798
45892
8077
3082
81403
8499
489
72689
79925
14675
9002
29343
61561
49271
98900
20582
78859
35485
21327
20549
8742
9558
98374
9159
70405
60365
68399
30586
25411
9838
36947
85961
52023
13143
19975
33178
80304
28258
91522
24232
39856
39808
20263
69191
25332
33516
81430
907
74604
3332
1050
86321
19456
13923
47734
66751
54167
16664
30641
39015
69406
1088
40062
898
73731
68136
26706
84124
70847
54390
84173
21635
23420
71730
685
97268
7975
19866
82126
1283
3481
6454
7303
84275
40390
58479
98613
82240
27555
6812
12261
65843
38851
66886
46866
71805
37219
96448
26510
29864
74886
99069
26293
76750
44137
25381
45568
5173
70806
29404
25476
92927
51301
7281
80910
46651
36163
87337
73867
47668
44367
31148
29132
45511
3086
31932
69063
64778
86897
14582
58489
28370
82430
4482
24405
99357
86123
40355
55013
1127
2022
5881
86041
42339
7496
81594
58460
97910
43005
89216
80577
58576
84948
78937
91133
14405
60459
8151
42881
43269
80793
6584
19048
28885
91463
57657
37336
1120
74447
82159
80954
50115
62926
84548
21093
99814
58817
95680
48842
87331
74152
73853
87922
82321
18626
78700
92694
30201
44704
24491
9547
3505
74364
11026
63634
99682
98667
99551
97560
5287
39472
56886
62939
52499
14380
59287
36562
22283
39001
77567
11598
98803
45622
1738
57039
24258
23643
71615
74630
9238
671
96841
30425
2964
34793
25848
57103
21261
66116
58497
42603
73003
98205
14429
70695
68853
96761
24131
68981
53780
39335
45956
91253
39295
52153
66805
94225
10610
69540
74952
18258
89222
85261
61292
29859
42227
49572
48553
72348
3159
838
48954
42179
53054
97471
92661
33909
23185
99237
40432
91836
99139
22839
54665
10497
20906
39863
52410
24333
63334
50477
12313
67486
45228
34920
8158
78665
41318
58099
47458
25931
44766
58573
30189
1776
67846
76850
37151
48721
31959
50959
74755
57042
3417
68344
64225
124
40461
78520
78596
28503
66922
92221
76214
53875
81781
30875
52803
35581
5962
95393
39839
87550
40891
15563
44453
43880
58870
19528
81373
58372
17737
35695
72844
98760
80129
52638
88551
75422
33685
16645
95952
33537
86096
14118
46852
84831
86228
85825
80063
19465
64163
37580
45227
32183
90347
94423
84979
41061
20762
55668
63794
84808
60391
97653
96574
33543
30430
48487
2675
83891
98151
46654
68588
8683
48314
75593
99804
98958
84295
72225
99973
74035
48691
83935
45396
44909
73685
12229
3058
63051
15710
57015
39670
42367
46497
45648
77995
12349
24180
97112
9588
20803
43102
75468
97406
231
97059
28402
4405
40140
25167
15972
65991
69608
84380
75448
4794
53623
28867
68822
71157
47432
52681
44198
60601
97586
67222
45587
81419
94908
61446
30224
71724
47697
35933
958
23916
91794
69192
36662
89114
61044
36909
13923
2236
79288
34113
93137
91864
42669
14978
20155
17732
32174
87414
24446
62780
13092
23388
65951
46131
47778
21622
31871
82503
93481
40565
74017
44175
96238
72881
25223
83756
12871
12015
71599
37025
99635
4546
86486
52715
39953
42080
54382
85078
62904
68355
64254
62884
80519
86075
54443
12722
29895
79345
59218
64516
3922
29011
71559
52379
35388
54408
3645
51881
72311
48588
82059
74648
77561
90413
59628
82320
3855
50862
35217
17923
42474
43417
94760
16614
77152
86178
75454
66826
56710
15855
75107
38665
20668
16935
63990
43151
55319
65072
64808
33959
15412
51472
47541
53096
17509
52305
69947
17115
3301
83697
63793
19408
50726
72441
80153
84908
23385
94801
86763
15520
14270
88793
79510
41642
98858
4801
68826
74096
50439
59528
63343
35718
42760
85649
53624
26897
37719
80344
93900
45903
61751
27659
32948
73915
98219
3729
76383
32621
45083
14180
56738
80054
92403
94082
2595
7154
24105
76732
77125
95952
80393
8011
64805
75247
69748
26545
75419
53675
9186
43147
74429
37464
91580
32257
19321
30918
91386
28150
88419
75392
96071
59620
22360
77929
22028
60990
58503
1237
94012
35863
66163
31346
82171
40805
84024
45221
28933
59348
14237
69080
13699
36062
58471
5844
4753
66591
23509
16075
90014
72650
36316
62968
94649
25387
93948
66736
76689
75524
78895
34858
70333
54905
69805
11334
70142
71975
92646
54716
8945
53169
5425
77611
41498
68415
59992
79077
9833
16216
6609
40122
9852
89359
27550
67409
93607
22535
7408
1804
66940
81570
74208
18393
3384
88873
15579
24012
25922
70152
5942
95987
69407
6800
65773
93223
86136
92934
78833
42156
7239
80650
96569
42838
24318
31597
56650
86135
62989
2915
19931
62462
61507
22179
63471
61816
26376
47718
1306
70478
72869
82199
25431
17306
84103
77702
73612
37927
13162
44625
37405
84718
68536
39416
41122
10202
59979
91504
1498
96775
11041
93477
49202
94789
80947
33747
27853
98808
37433
7368
23815
30919
29646
52829
24668
20274
16261
68482
97558
41924
63339
77198
31633
11093
63142
92282
43586
20054
57476
94033
3411
7021
32692
12582
71242
89564
52456
37595
96027
50778
17981
80587
40245
43652
33904
23388
2227
70882
85875
13908
11368
33613
8353
23446
89502
82372
62585
94011
71525
13376
25092
33726
72635
8275
36601
40276
50514
96730
78025
61796
8870
1890
64053
27949
57979
30288
87405
86195
73298
90667
32236
11582
11551
75189
44566
40017
96230
29025
55989
16782
92493
33150
10484
56380
94612
95163
3512
20078
71852
90196
76700
2272
67273
8352
62640
53535
2748
85269
94334
8055
24858
98904
26543
29040
70538
87916
79822
71924
14051
28907
67208
39559
12016
80852
82135
2128
43766
69946
50593
47787
70328
42925
95564
75933
46662
51340
14102
2683
80789
33519
88762
67920
12314
21640
50308
9430
99234
39234
68948
71806
97048
42400
2074
30438
76136
10947
205
65825
85177
69090
66816
94952
49473
41199
6384
16597
2397
49069
88593
26596
93250
16840
42211
38356
5591
16483
43800
6542
63217
25088
78741
32764
61278
89817
25877
34992
62616
56292
76478
94505
98038
73518
98508
57574
48670
36580
